100 17 105
200 32 30
300 41 39
400 39 66
500 80 78
600 134 138
700 219 145
800 298 198
900 405 199
1000 575 255
1100 767 396
1200 1013 708
1300 1284 428
1400 1634 552
1500 2090 604
1600 2571 778
1700 3185 811
1800 3765 1563
1900 4495 1037
2000 5231 1352
2100 6099 1295
2200 7074 1672
2300 8111 1807
2400 9169 1784
2500 10452 2442
2600 12369 3741
2700 13095 2403
2800 14531 2619
2900 16198 2822
3000 18152 4144
3100 19896 3451
3200 21938 3799
3300 24111 3349
3400 26103 5686
3500 28717 6259
3600 31079 5275
3700 33976 5269
3800 36475 5357
3900 39589 6777
4000 42856 7145
4100 45941 7630
4200 49402 8366
4300 53311 9107
4400 56709 9365
4500 60246 8821
4600 63967 9886
4700 65701 10210
4800 70071 10347
4900 79802 12382
5000 91935 12718
5100 97392 13617
5200 93389 16667
5300 93421 15023
5400 99143 14653
5500 105583 15204
5600 111218 18695
5700 117471 16797
5800 123277 21340
5900 130229 18280
6000 141202 22976
6100 142912 20916
6200 149609 20988
6300 158836 21237
6400 165701 25007
6500 172940 23136
6600 181134 26019
6700 189928 23961
6800 198768 30968
6900 205715 25127
7000 217695 32074
7100 224985 31983
7200 235633 32169
7300 244796 27812
7400 254471 36077
7500 267217 32427
7600 276661 39536
7700 288865 36447
7800 299292 34355
7900 310011 36039
8000 321935 37070
8100 334637 43846
8200 346922 48552
8300 358988 49727
8400 373079 51543
8500 387934 44426
8600 399369 61423
8700 412492 82002
