100 166749 46528
200 1333499 212800
300 4500249 529354
400 10666999 1001617
500 20833749 1637223
600 36000499 2368136
700 57167249 3311499
800 85333999 4343468
900 121500749 5618932
1000 166667499 6977540
1100 221834249 8681845
1200 288000999 10122107
1300 366167749 11937040
1400 457334499 14787625
1500 562501249 16812687
1600 682667999 18547521
1700 818834749 22306621
1800 972001499 23964098
1900 1143168249 27857913
2000 1333334999 30561580
2100 1543501749 33346238
2200 1774668499 37668211
2300 2027835249 40636067
2400 2304001999 45522130
2500 2604168749 50080036
2600 2929335499 53391767
2700 3280502249 58277480
2800 3658668999 63719332
2900 4064835749 68455516
3000 4500002499 74317238
3100 4965169249 78004176
3200 5461335999 83384345
3300 5989502749 92644179
3400 6550669499 93092032
3500 7145836249 104343923
3600 7776002999 105719691
3700 8442169749 111443597
3800 9145336499 120612159
3900 9886503249 128361618
4000 10666669999 129961373
4100 11486836749 141144564
4200 12348003499 154376669
4300 13251170249 164306255
4400 14197336999 164030561
4500 15187503749 169436708
4600 16222670499 182907366
4700 17303837249 188592447
4800 18432003999 196774576
4900 19608170749 211186911
5000 20833337499 205175457
5100 22108504249 223050901
5200 23434670999 236406301
5300 24812837749 241201952
5400 26244004499 247052048
5500 27729171249 267944849
5600 29269337999 274663633
5700 30865504749 282105000
5800 32518671499 296475262
5900 34229838249 300920147
6000 36000004999 318959853
6100 37830171749 333305507
6200 39721338499 350846452
6300 41674505249 354443432
6400 43690671999 348243620
6500 45770838749 385327317
6600 47916005499 380924584
6700 50127172249 407295695
6800 52405338999 417274123
6900 54751505749 422017892
7000 57166672499 429127137
7100 59651839249 477911113
7200 62208005999 471554691
7300 64836172749 474179916
7400 67537339499 487448917
7500 70312506249 504502204
7600 73162672999 516196989
7700 76088839749 508810318
7800 79092006499 552384699
7900 82173173249 579684643
8000 85333339999 581592201
8100 88573506749 585858739
8200 91894673499 605268876
8300 95297840249 626058000
8400 98784006999 648447507
8500 102354173749 667395605
8600 106009340499 647295248
8700 109750507249 689885847
