100 41
200 44
300 16
400 36
500 69
600 114
700 191
800 347
900 483
1000 566
1100 807
1200 1099
1300 1234
1400 1654
1500 2226
1600 2714
1700 3224
1800 3890
1900 4910
2000 5461
2100 6529
2200 7492
2300 8660
2400 9135
2500 10536
2600 14167
2700 13152
2800 15287
2900 18709
3000 20024
3100 24230
3200 24953
3300 28604
3400 28410
3500 30164
3600 32779
3700 35457
3800 42687
3900 42502
4000 45196
4100 49242
4200 54877
4300 70703
4400 64794
4500 70978
4600 81360
4700 77123
4800 80171
4900 84605
5000 93206
5100 98288
5200 100865
5300 115337
5400 113078
5500 119591
5600 126950
5700 132733
5800 140944
5900 148545
6000 155906
6100 164495
6200 172024
6300 181600
6400 190005
6500 200135
6600 208047
6700 218343
6800 228430
6900 238704
7000 250308
7100 259317
7200 271818
7300 283060
7400 295192
7500 307423
7600 321299
7700 332959
7800 345779
7900 360467
8000 372522
8100 385779
8200 402682
8300 418022
8400 434173
8500 447809
8600 464767
8700 480920
8800 498433
8900 515087
9000 532274
9100 549878
9200 567991
9300 587146
9400 606834
9500 627849
9600 646876
9700 667109
9800 689283
9900 708565
10000 733420
