2994 549500
4243 180700
3810 145600
2645 108700
2581 86000
2543 80400
3240 123600
2503 95500
815 17200
4405 141500
2930 81200
3293 96500
1011 24600
1194 18200
2465 83900
3308 99000
300 9400
2010 54700
3468 93400
3509 89800
77 3100
3076 90200
2635 64700
3405 101600
4683 153200
2852 85300
1407 33800
3282 122600
4698 155700
2829 114900
3252 113600
4106 146900
4805 185500
162 6100
4130 154200
3716 122400
2235 63900
811 21300
1591 34200
2314 49900
1447 42100
1133 21900
2200 50500
629 19100
4706 160700
4548 162000
1668 60400
2591 88900
1046 21100
1692 57900
1725 46000
353 8900
3912 137600
859 25400
1955 36900
814 12800
2612 48700
3404 71800
4452 106500
4480 120400
3636 92100
3108 112200
4169 160900
655 28200
3533 157600
1955 468500
3225 112200
488 19900
1024 33100
1037 28600
1586 46600
537 19600
1173 26100
611 23800
4498 176800
1500 57400
3160 118000
1961 63400
3721 87000
609 15000
4795 168900
4748 155200
2961 66600
351 8300
1001 24100
2979 138100
318 21800
1751 71900
1269 24700
3400 130900
3915 101800
227 4100
2723 56000
851 29600
3500 104900
1676 50500
4424 131000
2499 69700
3581 81700
4021 93700
