13 21700
11 2300
11 1400
9 800
9 1400
12 1400
11 1100
11 800
11 1000
32 2300
15 1200
13 800
13 1000
13 800
13 900
11 900
11 800
11 900
14 1100
11 700
17 1100
15 900
15 1100
13 800
15 1100
13 800
15 1100
13 800
18 1500
13 800
13 1000
11 700
11 1000
13 1100
13 900
11 700
11 2000
13 900
13 800
11 700
11 800
24 1600
15 1100
13 700
15 900
13 800
13 900
11 800
23 1300
15 800
15 1000
13 800
13 900
13 900
13 900
11 800
11 900
13 800
13 800
11 700
16 1200
13 800
13 900
13 1000
9 700
11 700
11 800
9 700
14 1000
11 700
13 1700
11 800
11 2700
13 800
13 1000
11 700
21 1500
25 1400
15 800
13 800
15 1000
13 800
17 900
15 900
17 1000
15 900
15 1000
13 800
17 1000
15 800
15 1100
13 900
16 1100
22 1200
13 1000
11 900
13 800
11 700
13 900
11 900
15 1000
13 700
13 900
11 600
11 900
11 800
18 1300
11 700
11 900
11 700
11 700
9 700
11 900
9 4400
15 1300
11 900
13 1100
11 700
15 800
13 1600
13 1200
13 1300
17 1200
15 800
17 1000
15 800
15 3100
13 1000
13 600
13 500
15 400
13 300
15 600
13 300
13 300
11 300
11 500
17 500
17 400
15 300
17 500
15 300
15 500
13 1000
17 500
15 300
15 300
13 300
15 300
13 300
13 400
11 300
18 700
15 300
15 500
13 300
13 400
13 400
13 500
13 300
13 500
13 400
16 600
13 300
13 400
13 400
13 400
11 400
11 400
11 400
20 800
15 400
21 400
19 400
19 400
17 300
17 400
19 500
19 300
17 300
17 400
17 400
17 300
15 300
19 600
17 300
17 300
15 1100
19 600
17 300
17 500
15 300
19 400
17 300
17 400
15 300
15 500
15 400
15 300
13 300
19 5800
15 400
15 400
13 400
15 400
13 300
13 400
11 200
11 400
11 400
11 500
26 700
9 500
7 300
7 400
5 300
5 400
5 400
9 400
7 300
9 500
7 300
7 500
5 200
5 500
7 300
7 300
5 200
5 400
5 400
5 400
3 300
3 300
3 300
6 2300
5 300
5 400
5 300
5 300
3 300
5 400
3 200
8 500
5 200
5 400
7 400
7 600
5 300
5 500
9 400
9 500
7 300
7 400
7 300
7 4000
5 500
7 500
5 400
5 500
5 400
5 1500
5 600
5 600
3 400
3 1300
5 500
5 400
3 5400
8 600
5 200
5 300
3 300
3 400
8 500
7 300
5 200
5 500
9 300
9 400
7 400
11 400
9 400
9 200
7 200
7 400
7 300
7 400
7 200
7 400
9 300
9 300
7 300
7 400
7 200
7 400
5 200
13 400
11 300
11 400
9 300
9 300
9 200
9 300
7 200
9 1300
7 400
9 500
7 400
9 200
7 300
7 800
5 300
9 400
7 300
7 500
5 200
5 400
7 500
7 400
5 200
5 400
7 200
7 200
5 300
5 400
5 300
5 200
3 200
3 300
3 300
6 500
3 300
8 500
5 200
5 400
3 300
9 600
9 200
9 200
7 300
9 600
7 200
7 300
5 200
5 300
7 400
7 300
5 700
10 1200
7 300
7 400
5 300
5 300
7 400
7 200
5 300
5 400
5 400
7 200
5 200
7 400
5 200
8 500
5 200
8 600
9 200
9 300
7 200
9 400
7 300
9 200
7 300
9 400
7 200
7 200
5 200
5 400
9 400
9 400
7 200
7 300
7 300
7 300
5 4300
5 500
7 300
7 200
5 200
5 1300
5 800
5 300
3 300
3 1000
3 10000
6 700
3 2000
8 5700
5 200
5 500
7 200
9 300
7 200
7 300
7 200
9 300
7 200
7 300
5 100
9 500
7 200
7 3700
5 2300
9 500
7 100
7 200
5 200
5 400
5 300
7 200
5 100
5 300
5 1000
5 300
3 300
3 300
3 200
17 3200
9 200
9 400
9 300
9 400
7 200
7 300
7 400
10 400
7 200
7 500
7 200
7 300
5 200
7 300
5 100
7 400
5 200
5 400
9 200
9 200
7 200
7 200
9 300
9 300
7 200
7 300
7 200
7 300
5 200
9 400
7 200
7 300
5 200
9 400
7 100
7 200
5 200
10 500
7 1000
9 200
7 100
7 400
7 400
7 300
5 100
5 300
10 500
9 300
7 200
7 300
7 300
9 200
7 200
7 400
9 200
9 400
7 200
7 300
7 300
7 100
5 100
5 300
5 300
9 300
7 100
9 300
7 100
7 200
5 200
5 200
5 300
7 300
5 200
9 200
7 100
7 300
5 200
11 200
9 100
9 200
7 200
7 300
7 300
7 300
5 200
9 300
7 200
7 300
5 100
7 500
5 200
5 200
3 100
7 300
5 200
5 100
3 200
7 300
5 200
5 200
3 100
8 400
5 100
5 300
5 200
5 300
5 300
5 400
3 100
3 200
3 300
6 1200
3 100
13 600
9 200
9 300
7 200
7 400
7 400
7 300
9 300
11 200
9 100
9 200
7 300
7 400
7 300
13 200
11 300
11 700
11 200
11 200
9 300
13 400
11 200
11 600
9 200
9 400
9 300
9 200
7 200
11 400
9 300
9 300
7 200
12 600
9 200
9 200
7 300
9 500
7 100
10 700
7 500
9 200
7 300
7 900
5 200
5 500
7 300
7 200
5 200
5 300
8 500
7 600
5 200
10 400
7 100
7 300
7 100
7 300
7 300
7 300
5 200
9 400
7 100
7 300
5 200
5 300
13 200
13 300
11 200
15 400
13 300
13 300
11 200
13 500
11 300
11 400
9 200
9 300
9 300
15 300
13 200
13 500
13 400
13 200
11 400
13 1000
11 300
13 500
11 200
11 300
11 5700
11 400
9 200
13 600
11 300
11 200
9 200
14 700
11 200
11 200
9 200
11 1600
9 200
11 4900
9 200
9 200
9 200
9 300
7 200
15 300
13 200
13 200
11 200
13 200
11 200
11 300
9 1000
9 200
11 300
11 200
9 200
9 200
9 100
9 300
7 200
10 2500
17 300
17 300
15 200
15 500
15 300
15 300
13 300
13 900
15 200
15 400
13 300
15 200
13 200
13 300
11 300
11 200
13 300
13 200
11 200
14 3000
13 200
13 200
11 300
18 400
15 200
15 200
13 200
13 200
13 200
13 200
11 200
17 300
15 200
15 300
13 900
15 200
13 200
13 200
11 200
11 1600
13 300
13 300
11 300
11 200
11 200
11 200
9 200
9 200
11 300
11 300
9 200
14 300
11 200
11 200
9 200
14 200
11 200
15 200
13 200
15 200
13 100
13 200
11 200
11 300
13 200
13 200
11 200
15 300
13 200
13 200
11 200
15 200
13 300
13 200
11 300
11 200
11 200
11 200
9 300
11 200
9 100
12 300
9 200
9 600
13 300
13 200
11 200
13 300
11 100
11 200
11 300
11 300
11 200
11 200
9 200
13 200
11 200
11 500
9 100
11 300
9 200
9 100
9 100
13 200
11 300
11 200
9 200
11 1000
9 200
9 200
7 200
7 200
9 200
9 200
7 200
12 300
9 200
9 200
9 200
13 300
11 400
11 600
9 200
11 300
9 300
9 300
7 100
7 300
9 300
9 200
7 100
7 200
13 300
11 200
9 200
11 300
9 200
11 200
9 200
11 200
9 200
9 200
7 100
11 200
9 100
9 200
7 200
7 200
10 300
9 200
9 200
13 900
11 200
11 200
9 200
9 200
9 200
9 200
7 100
7 200
7 200
7 300
11 200
11 200
11 200
11 200
9 200
13 300
11 200
11 200
9 100
9 200
9 200
9 200
7 100
7 200
11 200
11 200
9 200
11 300
9 200
9 200
7 200
7 200
9 200
9 200
7 200
7 200
11 200
11 200
9 200
9 200
11 200
11 200
9 200
9 1100
12 300
11 300
9 200
9 300
9 300
12 200
9 200
9 200
9 200
9 300
7 300
7 200
7 200
10 200
7 100
12 200
9 100
9 200
7 200
7 200
7 200
11 200
9 200
11 200
9 200
9 200
7 200
9 300
7 200
11 400
9 200
11 300
9 200
9 200
7 300
7 400
7 200
9 100
7 200
7 200
7 100
7 200
5 300
7 200
5 100
7 200
5 100
10 200
7 100
9 200
7 200
7 200
7 300
7 200
7 100
7 200
7 300
7 200
5 200
12 300
9 300
9 300
7 200
7 400
9 200
9 400
7 600
11 200
9 100
9 300
7 100
9 300
7 1400
7 200
5 300
5 200
7 200
7 200
5 200
9 200
7 200
7 200
5 200
13 300
9 300
9 400
9 300
11 300
9 400
9 300
7 300
7 300
11 200
11 600
9 600
9 300
9 600
9 400
7 400
7 200
7 100
10 300
7 200
7 200
7 200
7 200
5 100
12 200
9 200
9 200
7 200
9 200
7 100
7 200
13 200
15 300
13 1000
15 200
13 200
15 300
13 200
13 300
11 200
11 200
11 200
11 300
13 300
15 300
13 200
13 300
11 200
15 300
13 200
13 1200
11 200
11 200
11 200
11 300
9 300
